81
73
61
49
49
25
17
11
3
81
73
61
49
49
25
17
17
11
3
81
73
61
49
49
25
17
25
17
11
3
81
73
61
49
49
25
25
17
11
3
81
73
61
49
49
25
17
11
3
81
73
61
49
49
17
11
3
81
73
61
49
49
41
17
11
3
81
73
61
49
41
17
11
3
81
73
61
49
41
41
17
11
3
81
73
61
41
41
17
11
3
81
73
61
53
41
41
17
11
3
81
73
61
53
41
41
41
17
11
3
81
73
61
53
41
41
29
41
17
11
3
81
73
61
53
41
29
41
17
11
3
81
73
61
53
41
29
29
41
17
11
3
81
73
53
41
29
29
41
17
11
3
81
73
65
53
41
29
29
41
17
11
3
81
73
65
53
41
29
29
17
11
3
81
73
65
53
41
29
29
17
17
11
3
81
73
65
53
41
29
29
17
11
3
81
73
65
53
41
29
29
17
11
11
3
81
73
65
53
41
29
29
17
11
3
81
73
65
53
41
29
29
17
11
3
3
81
73
65
53
29
29
17
11
3
3
81
73
65
53
41
29
29
17
11
3
3
