243
233
213
193
193
133
113
83
43
33
33
13
3
243
233
213
193
193
133
113
83
43
33
33
33
13
3
243
233
213
193
193
133
113
83
43
33
43
33
33
13
3
243
233
213
193
193
133
113
83
43
43
33
33
13
3
243
233
213
193
193
133
113
83
43
33
33
13
3
243
233
213
193
193
133
113
83
33
33
13
3
243
233
213
193
193
133
113
83
73
33
33
13
3
243
233
213
193
193
133
113
73
33
33
13
3
243
233
213
193
193
133
113
103
73
33
33
13
3
243
233
213
193
193
133
113
103
73
73
33
33
13
3
243
233
213
193
193
133
113
103
73
53
73
33
33
13
3
243
233
213
193
193
133
113
103
53
73
33
33
13
3
243
233
213
193
193
133
113
103
83
53
73
33
33
13
3
243
233
213
193
193
133
103
83
53
73
33
33
13
3
243
233
213
193
193
133
123
103
83
53
73
33
33
13
3
243
233
213
193
193
133
123
103
83
53
33
33
13
3
243
233
213
193
193
133
123
103
83
53
33
33
33
13
3
243
233
213
193
193
123
103
83
53
33
33
33
13
3
243
233
213
193
193
183
123
103
83
53
33
33
33
13
3
243
233
213
193
183
123
103
83
53
33
33
33
13
3
243
233
213
193
183
183
123
103
83
53
33
33
33
13
3
243
233
213
193
183
183
123
103
83
53
33
33
13
3
243
233
213
193
183
183
123
103
83
53
33
33
33
13
3
243
233
213
193
183
183
123
103
83
53
33
33
13
3
243
233
213
193
183
183
123
103
83
53
33
33
13
13
3
243
233
213
193
183
183
123
103
83
53
33
33
13
3
243
233
213
193
183
183
123
103
83
53
33
33
13
3
3
243
233
213
193
183
183
123
83
53
33
33
13
3
3
243
233
213
193
183
183
123
103
83
53
33
33
13
3
3
243
233
213
193
183
183
123
103
83
83
53
33
33
13
3
3
243
233
213
193
183
183
123
103
83
103
83
53
33
33
13
3
3
243
233
213
193
183
183
123
103
103
83
53
33
33
13
3
3
243
233
213
193
183
183
123
103
83
53
33
33
13
3
3
243
233
213
193
183
183
123
103
83
53
33
33
13
3
3
243
233
213
193
183
183
123
103
83
53
33
33
13
3
3
243
233
213
193
183
183
103
83
53
33
33
13
3
3
243
233
213
193
183
183
163
103
83
53
33
33
13
3
3
243
233
213
193
183
163
103
83
53
33
33
13
3
3
243
233
213
193
183
163
163
103
83
53
33
33
13
3
3
243
233
213
193
183
163
163
83
53
33
33
13
3
3
243
233
213
193
183
163
163
143
83
53
33
33
13
3
3
243
233
213
193
183
163
143
83
53
33
33
13
3
3
243
233
213
193
183
163
143
143
83
53
33
33
13
3
3
243
233
213
183
163
143
143
83
53
33
33
13
3
3
243
233
213
203
183
163
143
143
83
53
33
33
13
3
3
243
233
203
183
163
143
143
83
53
33
33
13
3
3
243
233
223
203
183
163
143
143
83
53
33
33
13
3
3
243
233
223
203
183
163
143
143
83
83
53
33
33
13
3
3
243
233
223
203
183
163
143
143
83
83
83
53
33
33
13
3
3
243
233
223
203
183
163
143
143
83
83
53
33
33
13
3
3
243
233
223
203
183
163
143
143
143
83
83
53
33
33
13
3
3
243
233
223
203
163
143
143
143
83
83
53
33
33
13
3
3
243
233
223
203
183
163
143
143
143
83
83
53
33
33
13
3
3
