729
717
687
657
657
537
497
407
287
257
257
137
77
65
45
15
3
729
717
687
657
657
537
497
407
287
257
257
137
77
65
65
45
15
3
729
717
687
657
657
537
497
407
287
257
257
137
77
65
77
65
45
15
3
729
717
687
657
657
537
497
407
287
257
257
137
77
77
65
45
15
3
729
717
687
657
657
537
497
407
287
257
257
137
77
65
45
15
3
729
717
687
657
657
537
497
407
287
257
257
137
65
45
15
3
729
717
687
657
657
537
497
407
287
257
257
137
125
65
45
15
3
729
717
687
657
657
537
497
407
287
257
257
125
65
45
15
3
729
717
687
657
657
537
497
407
287
257
257
245
125
65
45
15
3
729
717
687
657
657
537
497
407
287
257
245
125
65
45
15
3
729
717
687
657
657
537
497
407
287
257
245
245
125
65
45
15
3
729
717
687
657
657
537
497
407
287
257
245
245
125
125
65
45
15
3
729
717
687
657
657
537
497
407
287
257
245
245
125
95
125
65
45
15
3
729
717
687
657
657
537
497
407
287
257
245
245
125
95
65
45
15
3
729
717
687
657
657
537
497
407
287
257
245
245
125
95
65
65
45
15
3
729
717
687
657
657
537
497
407
287
257
245
245
95
65
65
45
15
3
729
717
687
657
657
537
497
407
287
257
245
245
215
95
65
65
45
15
3
729
717
687
657
657
537
497
407
287
257
245
215
95
65
65
45
15
3
729
717
687
657
657
537
497
407
287
257
245
215
215
95
65
65
45
15
3
729
717
687
657
657
537
497
407
287
245
215
215
95
65
65
45
15
3
729
717
687
657
657
537
497
407
287
275
245
215
215
95
65
65
45
15
3
729
717
687
657
657
537
497
407
287
275
245
215
215
95
65
45
15
3
729
717
687
657
657
537
497
407
287
275
245
215
215
95
65
45
45
15
3
729
717
687
657
657
537
497
407
275
245
215
215
95
65
45
45
15
3
729
717
687
657
657
537
497
407
395
275
245
215
215
95
65
45
45
15
3
729
717
687
657
657
537
497
395
275
245
215
215
95
65
45
45
15
3
729
717
687
657
657
537
497
485
395
275
245
215
215
95
65
45
45
15
3
729
717
687
657
657
537
497
485
395
275
245
215
215
95
65
45
15
3
729
717
687
657
657
537
497
485
395
275
245
215
215
95
65
45
15
15
3
729
717
687
657
657
537
497
485
395
275
245
215
215
95
65
45
15
3
729
717
687
657
657
537
497
485
395
275
245
215
215
95
65
45
15
3
3
729
717
687
657
657
537
497
485
395
275
215
215
95
65
45
15
3
3
729
717
687
657
657
537
497
485
395
275
245
215
215
95
65
45
15
3
3
729
717
687
657
657
537
497
485
395
275
245
215
215
215
95
65
45
15
3
3
729
717
687
657
657
537
497
485
395
275
245
215
245
215
215
95
65
45
15
3
3
729
717
687
657
657
537
497
485
395
275
245
245
215
215
95
65
45
15
3
3
729
717
687
657
657
537
497
485
395
275
245
215
215
95
65
45
15
3
3
729
717
687
657
657
537
497
485
395
245
215
215
95
65
45
15
3
3
729
717
687
657
657
537
497
485
395
365
245
215
215
95
65
45
15
3
3
729
717
687
657
657
537
497
485
365
245
215
215
95
65
45
15
3
3
729
717
687
657
657
537
497
485
455
365
245
215
215
95
65
45
15
3
3
729
717
687
657
657
537
497
485
455
365
215
215
95
65
45
15
3
3
729
717
687
657
657
537
497
485
455
365
335
215
215
95
65
45
15
3
3
729
717
687
657
657
537
497
485
455
335
215
215
95
65
45
15
3
3
729
717
687
657
657
537
497
485
455
425
335
215
215
95
65
45
15
3
3
729
717
687
657
657
537
485
455
425
335
215
215
95
65
45
15
3
3
729
717
687
657
657
537
525
485
455
425
335
215
215
95
65
45
15
3
3
729
717
687
657
657
525
485
455
425
335
215
215
95
65
45
15
3
3
729
717
687
657
657
645
525
485
455
425
335
215
215
95
65
45
15
3
3
729
717
687
657
645
525
485
455
425
335
215
215
95
65
45
15
3
3
729
717
687
657
645
645
525
485
455
425
335
215
215
95
65
45
15
3
3
729
717
687
657
645
645
525
485
455
425
335
215
215
95
65
45
15
3
3
729
717
687
657
645
645
525
485
455
425
335
215
215
95
65
45
15
3
3
729
717
687
657
645
645
525
485
455
425
335
215
215
215
95
65
45
15
3
3
729
717
687
657
645
645
525
485
455
425
335
215
215
215
215
95
65
45
15
3
3
729
717
687
657
645
645
525
485
455
425
335
215
215
215
95
65
45
15
3
3
729
717
687
657
645
645
525
485
455
425
335
335
215
215
215
95
65
45
15
3
3
729
717
687
657
645
645
525
485
455
425
335
335
335
215
215
215
95
65
45
15
3
3
729
717
687
657
645
645
525
485
455
425
335
335
215
335
215
215
215
95
65
45
15
3
3
729
717
687
657
645
645
525
485
455
425
335
335
215
215
215
215
95
65
45
15
3
3
729
717
687
657
645
645
525
485
455
425
335
335
215
215
215
95
65
45
15
3
3
729
717
687
657
645
645
525
455
425
335
335
215
215
215
95
65
45
15
3
3
729
717
687
657
645
645
525
495
455
425
335
335
215
215
215
95
65
45
15
3
3
729
717
687
657
645
645
525
495
455
425
335
215
215
215
95
65
45
15
3
3
729
717
687
657
645
645
525
495
455
425
425
335
215
215
215
95
65
45
15
3
3
729
717
687
657
645
645
525
495
425
425
335
215
215
215
95
65
45
15
3
3
729
717
687
657
645
645
525
495
465
425
425
335
215
215
215
95
65
45
15
3
3
729
717
687
657
645
645
525
495
465
425
425
215
215
215
95
65
45
15
3
3
729
717
687
657
645
645
525
495
465
425
425
305
215
215
215
95
65
45
15
3
3
729
717
687
657
645
645
495
465
425
425
305
215
215
215
95
65
45
15
3
3
729
717
687
657
645
645
615
495
465
425
425
305
215
215
215
95
65
45
15
3
3
729
717
687
657
645
615
495
465
425
425
305
215
215
215
95
65
45
15
3
3
729
717
687
657
645
615
615
495
465
425
425
305
215
215
215
95
65
45
15
3
3
729
717
687
657
645
615
615
465
425
425
305
215
215
215
95
65
45
15
3
3
729
717
687
657
645
615
615
585
465
425
425
305
215
215
215
95
65
45
15
3
3
729
717
687
657
645
615
585
465
425
425
305
215
215
215
95
65
45
15
3
3
729
717
687
657
645
615
585
585
465
425
425
305
215
215
215
95
65
45
15
3
3
729
717
687
645
615
585
585
465
425
425
305
215
215
215
95
65
45
15
3
3
729
717
687
675
645
615
585
585
465
425
425
305
215
215
215
95
65
45
15
3
3
729
717
675
645
615
585
585
465
425
425
305
215
215
215
95
65
45
15
3
3
729
717
705
675
645
615
585
585
465
425
425
305
215
215
215
95
65
45
15
3
3
729
717
705
675
645
615
585
585
465
425
305
215
215
215
95
65
45
15
3
3
729
717
705
675
645
615
585
585
465
465
425
305
215
215
215
95
65
45
15
3
3
729
717
705
675
645
615
585
585
465
465
305
215
215
215
95
65
45
15
3
3
729
717
705
675
645
615
585
585
465
465
345
305
215
215
215
95
65
45
15
3
3
729
717
705
675
615
585
585
465
465
345
305
215
215
215
95
65
45
15
3
3
729
717
705
675
645
615
585
585
465
465
345
305
215
215
215
95
65
45
15
3
3
729
717
705
675
645
615
585
585
465
345
305
215
215
215
95
65
45
15
3
3
729
717
705
675
645
615
585
585
585
465
345
305
215
215
215
95
65
45
15
3
3
